name=Castello Jack
268194179535021
152049601403821
15204960s403821
35082115000621
311098060627821
88903128506221
198854291283821
68287285485421
178238448263021
95775076179821
205726238957421
60126847623021
170078010400621
87614638317421
197565801095021
66998795296621
176949958074221
94486585991021
204437748768621
61844834541421
171795997319021
89332625235821
199283788013421
308805454061421
418756616839021
288189611040621
398140773818221
315677401735021
425628564512621
280029173178221
name=Museo Dubai
93343218720621
203294381498221
60701467271021
170652630048621
88189257965421
198140420743021
307662086791021
417613249568621
287046243770221
396997406547821
314534034464621
424485197242221
278885805907821
388836968685421
306373596602221
416324759379821
285757753581